BF 01 BF 01 BF 01 BF 01 BF 01 BF 01 BF 01 BF 01
BF 01 BF 01 BF 01 BF 01 BF 01 BF 01 BF 01 BF 01
BF 01 BF 01 BF 01 BF 01 BF 01 BF 01 00 00 00 00
00 00 00 00 00 00 00 00 00 00 00 00 00 00 00 00
BF 01 25 01 BF 01 26 01 BF 01 27 01 BF 01 28 01
BF 01 29 01 BF 01 BF 01 2A 01 BF 01 2B 01 BF 01
2C 01 BF 01 2D 01 BF 01 2E 01 BF 01 00 00 00 00
00 00 00 00 00 00 00 00 00 00 00 00 00 00 00 00
BF 01 BF 01 BF 01 BF 01 BF 01 BF 01 BF 01 BF 01
BF 01 BF 01 BF 01 BF 01 BF 01 BF 01 BF 01 BF 01
BF 01 BF 01 BF 01 BF 01 BF 01 BF 01 00 00 00 00
00 00 00 00 00 00 00 00 00 00 00 00 00 00 00 00
BF 01 2F 01 BF 01 30 01 BF 01 31 01 BF 01 32 01
BF 01 33 01 BF 01 BF 01 34 01 BF 01 35 01 BF 01
36 01 BF 01 37 01 BF 01 38 01 BF 01 00 00 00 00
00 00 00 00 00 00 00 00 00 00 00 00 00 00 00 00
BF 01 BF 01 BF 01 BF 01 BF 01 BF 01 BF 01 BF 01
BF 01 BF 01 BF 01 BF 01 BF 01 BF 01 BF 01 BF 01
BF 01 BF 01 BF 01 BF 01 BF 01 BF 01 00 00 00 00
00 00 00 00 00 00 00 00 00 00 00 00 00 00 00 00
BF 01 39 01 BF 01 3A 01 BF 01 3B 01 BF 01 3C 01
BF 01 3D 01 BF 01 BF 01 3E 01 BF 01 3F 01 BF 01
40 01 BF 01 41 01 BF 01 42 01 BF 01 00 00 00 00
00 00 00 00 00 00 00 00 00 00 00 00 00 00 00 00
BF 01 BF 01 BF 01 BF 01 BF 01 BF 01 BF 01 BF 01
BF 01 BF 01 BF 01 BF 01 BF 01 BF 01 BF 01 BF 01
BF 01 BF 01 BF 01 BF 01 BF 01 BF 01 00 00 00 00
00 00 00 00 00 00 00 00 00 00 00 00 00 00 00 00
BF 01 43 01 BF 01 44 01 BF 01 45 01 BF 01 46 01
BF 01 47 01 BF 01 BF 01 48 01 BF 01 BF 01 BF 01
49 01 BF 01 BF 01 BF 01 4A 01 BF 01 00 00 00 00
00 00 00 00 00 00 00 00 00 00 00 00 00 00 00 00
BF 01 BF 01 BF 01 BF 01 BF 01 BF 01 BF 01 BF 01
BF 01 BF 01 BF 01 BF 01 BF 01 BF 01 BF 01 BF 01
BF 01 BF 01 BF 01 BF 01 BF 01 BF 01 00 00 00 00
00 00 00 00 00 00 00 00 00 00 00 00 00 00 00 00
BF 01 4B 01 BF 01 4C 01 BF 01 4D 01 BF 01 4E 01
BF 01 4F 01 BF 01 BF 01 50 01 BF 01 BF 01 BF 01
51 01 BF 01 BF 01 BF 01 52 01 BF 01 00 00 00 00
00 00 00 00 00 00 00 00 00 00 00 00 00 00 00 00
BF 01 BF 01 BF 01 BF 01 BF 01 BF 01 BF 01 BF 01
BF 01 BF 01 BF 01 BF 01 BF 01 BF 01 BF 01 BF 01
BF 01 BF 01 BF 01 BF 01 BF 01 BF 01 00 00 00 00
00 00 00 00 00 00 00 00 00 00 00 00 00 00 00 00
BF 01 53 01 BF 01 54 01 BF 01 55 01 BF 01 56 01
BF 01 57 01 BF 01 BF 01 58 01 BF 01 59 01 BF 01
5A 01 BF 01 5B 01 BF 01 95 01 BF 01 00 00 00 00
00 00 00 00 00 00 00 00 00 00 00 00 00 00 00 00
BF 01 93 01 BF 01 93 01 BF 01 93 01 BF 01 93 01
BF 01 93 01 BF 01 BF 01 93 01 BF 01 93 01 BF 01
93 01 BF 01 93 01 BF 01 93 01 BF 01 00 00 00 00
00 00 00 00 00 00 00 00 00 00 00 00 00 00 00 00
BF 01 2A 01 BF 01 2B 01 BF 01 2C 01 BF 01 2D 01
BF 01 2E 01 BF 01 BF 01 2F 01 BF 01 30 01 BF 01
31 01 BF 01 32 01 BF 01 33 01 BF 01 00 00 00 00
00 00 00 00 00 00 00 00 00 00 00 00 00 00 00 00
BF 01 93 01 BF 01 93 01 BF 01 93 01 BF 01 93 01
BF 01 93 01 BF 01 BF 01 93 01 BF 01 93 01 BF 01
93 01 BF 01 93 01 BF 01 93 01 BF 01 00 00 00 00
00 00 00 00 00 00 00 00 00 00 00 00 00 00 00 00
BF 01 34 01 BF 01 35 01 BF 01 36 01 BF 01 37 01
BF 01 38 01 BF 01 BF 01 3E 01 BF 01 3F 01 BF 01
40 01 BF 01 41 01 BF 01 42 01 BF 01 00 00 00 00
00 00 00 00 00 00 00 00 00 00 00 00 00 00 00 00
BF 01 94 01 BF 01 94 01 BF 01 94 01 BF 01 94 01
BF 01 94 01 BF 01 BF 01 BF 01 BF 01 BF 01 BF 01
BF 01 BF 01 BF 01 BF 01 BF 01 BF 01 00 00 00 00
00 00 00 00 00 00 00 00 00 00 00 00 00 00 00 00
BF 01 3E 01 BF 01 3F 01 BF 01 40 01 BF 01 41 01
BF 01 42 01 BF 01 BF 01 5C 01 BF 01 5D 01 BF 01
5E 01 BF 01 5F 01 BF 01 60 01 BF 01 00 00 00 00
00 00 00 00 00 00 00 00 00 00 00 00 00 00 00 00
BF 01 BF 01 BF 01 BF 01 BF 01 BF 01 BF 01 BF 01
BF 01 BF 01 BF 01 BF 01 BF 01 BF 01 BF 01 BF 01
BF 01 BF 01 BF 01 BF 01 BF 01 BF 01 00 00 00 00
00 00 00 00 00 00 00 00 00 00 00 00 00 00 00 00
BF 01 61 01 BF 01 62 01 BF 01 63 01 BF 01 64 01
BF 01 65 01 BF 01 BF 01 66 01 BF 01 67 01 BF 01
68 01 BF 01 69 01 BF 01 6A 01 BF 01 00 00 00 00
00 00 00 00 00 00 00 00 00 00 00 00 00 00 00 00
BF 01 BF 01 BF 01 BF 01 BF 01 BF 01 BF 01 BF 01
BF 01 BF 01 BF 01 BF 01 BF 01 BF 01 BF 01 BF 01
BF 01 BF 01 BF 01 BF 01 BF 01 BF 01 00 00 00 00
00 00 00 00 00 00 00 00 00 00 00 00 00 00 00 00
BF 01 6B 01 BF 01 6C 01 BF 01 6D 01 BF 01 6E 01
BF 01 6F 01 BF 01 BF 01 70 01 BF 01 71 01 BF 01
72 01 BF 01 73 01 BF 01 74 01 BF 01 00 00 00 00
00 00 00 00 00 00 00 00 00 00 00 00 00 00 00 00
BF 01 BF 01 BF 01 BF 01 BF 01 BF 01 BF 01 BF 01
BF 01 BF 01 BF 01 BF 01 BF 01 BF 01 BF 01 BF 01
BF 01 BF 01 BF 01 BF 01 BF 01 BF 01 00 00 00 00
00 00 00 00 00 00 00 00 00 00 00 00 00 00 00 00
BF 01 75 01 BF 01 76 01 BF 01 77 01 BF 01 78 01
BF 01 79 01 BF 01 BF 01 7A 01 BF 01 7B 01 BF 01
7C 01 BF 01 7D 01 BF 01 7E 01 BF 01 00 00 00 00
00 00 00 00 00 00 00 00 00 00 00 00 00 00 00 00
BF 01 BF 01 BF 01 BF 01 BF 01 BF 01 BF 01 BF 01
BF 01 BF 01 BF 01 BF 01 BF 01 BF 01 BF 01 BF 01
BF 01 BF 01 BF 01 BF 01 BF 01 BF 01 00 00 00 00
00 00 00 00 00 00 00 00 00 00 00 00 00 00 00 00
BF 01 7F 01 BF 01 BF 01 BF 01 80 01 BF 01 BF 01
BF 01 81 01 BF 01 BF 01 82 01 BF 01 83 01 BF 01
84 01 BF 01 85 01 BF 01 86 01 BF 01 00 00 00 00
00 00 00 00 00 00 00 00 00 00 00 00 00 00 00 00
BF 01 BF 01 BF 01 BF 01 BF 01 BF 01 BF 01 BF 01
BF 01 BF 01 BF 01 BF 01 BF 01 BF 01 BF 01 BF 01
BF 01 BF 01 BF 01 BF 01 BF 01 BF 01 00 00 00 00
00 00 00 00 00 00 00 00 00 00 00 00 00 00 00 00
BF 01 87 01 BF 01 BF 01 BF 01 88 01 BF 01 BF 01
BF 01 89 01 BF 01 BF 01 8A 01 BF 01 8B 01 BF 01
8C 01 BF 01 8D 01 BF 01 8E 01 BF 01 00 00 00 00
00 00 00 00 00 00 00 00 00 00 00 00 00 00 00 00
BF 01 BF 01 BF 01 BF 01 BF 01 BF 01 BF 01 BF 01
BF 01 93 01 BF 01 BF 01 93 01 BF 01 93 01 BF 01
93 01 BF 01 93 01 BF 01 93 01 BF 01 00 00 00 00
00 00 00 00 00 00 00 00 00 00 00 00 00 00 00 00
BF 01 8F 01 BF 01 90 01 BF 01 91 01 BF 01 92 01
BF 01 5E 01 BF 01 BF 01 61 01 BF 01 62 01 BF 01
63 01 BF 01 64 01 BF 01 65 01 BF 01 00 00 00 00
00 00 00 00 00 00 00 00 00 00 00 00 00 00 00 00
BF 01 93 01 BF 01 93 01 BF 01 93 01 BF 01 93 01
BF 01 93 01 BF 01 BF 01 93 01 BF 01 93 01 BF 01
93 01 BF 01 93 01 BF 01 93 01 BF 01 00 00 00 00
00 00 00 00 00 00 00 00 00 00 00 00 00 00 00 00
BF 01 66 01 BF 01 67 01 BF 01 68 01 BF 01 69 01
BF 01 6A 01 BF 01 BF 01 6B 01 BF 01 6C 01 BF 01
6D 01 BF 01 6E 01 BF 01 6F 01 BF 01 00 00 00 00
00 00 00 00 00 00 00 00 00 00 00 00 00 00 00 00
BF 01 93 01 BF 01 93 01 BF 01 93 01 BF 01 93 01
BF 01 93 01 BF 01 BF 01 94 01 BF 01 94 01 BF 01
94 01 BF 01 94 01 BF 01 94 01 BF 01 00 00 00 00
00 00 00 00 00 00 00 00 00 00 00 00 00 00 00 00
BF 01 75 01 BF 01 76 01 BF 01 77 01 BF 01 78 01
BF 01 79 01 BF 01 BF 01 75 01 BF 01 76 01 BF 01
77 01 BF 01 78 01 BF 01 79 01 BF 01 00 00 00 00
00 00 00 00 00 00 00 00 00 00 00 00 00 00 00 00
BF 01 BF 01 BF 01 BF 01 BF 01 BF 01 BF 01 BF 01
BF 01 BF 01 BF 01 BF 01 BF 01 BF 01 BF 01 BF 01
BF 01 BF 01 BF 01 BF 01 BF 01 BF 01 00 00 00 00
00 00 00 00 00 00 00 00 00 00 00 00 00 00 00 00
BF 01 01 01 BF 01 02 01 BF 01 03 01 BF 01 04 01
BF 01 05 01 BF 01 BF 01 06 01 BF 01 07 01 BF 01
08 01 BF 01 09 01 BF 01 0A 01 BF 01 00 00 00 00
00 00 00 00 00 00 00 00 00 00 00 00 00 00 00 00
BF 01 BF 01 BF 01 BF 01 BF 01 BF 01 BF 01 BF 01
BF 01 BF 01 BF 01 BF 01 BF 01 BF 01 BF 01 BF 01
BF 01 BF 01 BF 01 BF 01 BF 01 BF 01 00 00 00 00
00 00 00 00 00 00 00 00 00 00 00 00 00 00 00 00
BF 01 0B 01 BF 01 0C 01 BF 01 0D 01 BF 01 0E 01
BF 01 0F 01 BF 01 BF 01 10 01 BF 01 11 01 BF 01
12 01 BF 01 13 01 BF 01 14 01 BF 01 00 00 00 00
00 00 00 00 00 00 00 00 00 00 00 00 00 00 00 00
BF 01 BF 01 BF 01 BF 01 BF 01 BF 01 BF 01 BF 01
BF 01 BF 01 BF 01 BF 01 BF 01 BF 01 BF 01 BF 01
BF 01 BF 01 BF 01 BF 01 BF 01 BF 01 00 00 00 00
00 00 00 00 00 00 00 00 00 00 00 00 00 00 00 00
BF 01 15 01 BF 01 16 01 BF 01 17 01 BF 01 18 01
BF 01 19 01 BF 01 BF 01 1A 01 BF 01 1B 01 BF 01
1C 01 BF 01 1D 01 BF 01 1E 01 BF 01 00 00 00 00
00 00 00 00 00 00 00 00 00 00 00 00 00 00 00 00
BF 01 BF 01 BF 01 BF 01 BF 01 BF 01 BF 01 BF 01
BF 01 BF 01 BF 01 BF 01 BF 01 BF 01 BF 01 BF 01
BF 01 BF 01 BF 01 BF 01 BF 01 BF 01 00 00 00 00
00 00 00 00 00 00 00 00 00 00 00 00 00 00 00 00
BF 01 1F 01 BF 01 20 01 BF 01 21 01 BF 01 22 01
BF 01 23 01 BF 01 BF 01 24 01 BF 01 9D 01 BF 01
9E 01 BF 01 9A 01 BF 01 95 01 BF 01 00 00 00 00
00 00 00 00 00 00 00 00 00 00 00 00 00 00 00 00
BF 01 BF 01 BF 01 BF 01 BF 01 BF 01 BF 01 BF 01
BF 01 BF 01 BF 01 BF 01 BF 01 BF 01 BF 01 BF 01
BF 01 BF 01 BF 01 BF 01 BF 01 BF 01 00 00 00 00
